0.7395675779036895,0.9642743870804521
0.8888649716870238,0.4515533163903056
0.05732544627569203,0.7349349536987169
0.8476892284300197,0.30255133126007183
0.3499925104929862,0.34128477140310065
0.5417990329020228,0.14129169876950765
0.9908849742666765,0.6316707901069601
0.9009156096858306,0.5837801635883734
0.785896442368961,0.5914970727561986
0.539836012520833,0.8850741286642226
0.38510350194247855,0.9597191169706968
0.9029988696476579,0.8947742588101895
0.8553067827416748,0.7381840584016734
0.8439267749031374,0.9582338615745889
0.5905397877247127,0.38535160914606337
0.07878442864252955,0.3367587174435215
0.3323048295974005,0.4322188520151167
0.8136439740736041,0.556984343129218
0.4472712037243243,0.23581171547560487
0.9866498059553265,0.4677813263503341
0.7673982534990859,0.5943945763720287
0.989127310865392,0.6824534708017296
0.235921679427745,0.9885886768294468
0.4337811620911436,0.514658259457856
0.32236852647806014,0.28387928708135124
0.5234804575658943,0.4783919305490534
0.6707427440251499,0.8325299629004091
0.8407296495178938,0.9155469275572548
0.7272496301270525,0.04671244253504658
0.9257757355116635,0.33896229778112497
0.15740413001339926,0.6796982630257605
0.8404036219458373,0.6345526759025406
0.7070945893461393,0.24824900995617094
0.024823215950037225,0.3530148656400037
0.7881500319025113,0.2568793935510245
0.1466534711817501,0.9397754360114018
0.4761855921569853,0.14345780289149013
0.3138600241406031,0.9012566441288837
0.7969774007018648,0.1556473836684057
0.9776046275243546,0.586202426893801
0.14734444320267137,0.6889797998537944
0.08631633074950673,0.4727194856184401
0.4474923456632356,0.9698929159807298
0.568895574695112,0.5948535262000928
0.15399914860137487,0.35085310651518953
0.02281435440212498,0.016933981436661694
0.5761012400237026,0.8997212123601155
0.5619768399540928,0.06958508613952874
0.03266322330900606,0.4118107805430947
0.13955647946749838,0.3982150478167089
0.2631922222459172,0.4506262193551056
0.30262729630496443,0.7429589264196185
0.16348392844099624,0.5320573991692653
0.25825865647785173,0.768465600039786
0.35496400987373855,0.10684641630567115
0.33484390880216663,0.19258222690314797
0.3165153517055084,0.5674311175747909
0.4077856884454979,0.9249045832248566
0.8085576504455007,0.10780942079478573
0.6252613587218606,0.9193252086955175
0.10137309719181098,0.898857075829646
0.8176442501054866,0.9691255425353538
0.08314794031840067,0.70657096046514
0.3032576701591414,0.7288222593039743
0.6679264306108591,0.7769986715017454
0.4134901166864233,0.8338919938041334
0.049650441320079564,0.5391548568384728
0.9519021163509085,0.10766301060179162
0.2556842364498926,0.4360127866420781
0.9748059037232389,0.49407587420436827
0.14170059511288324,0.9837000744538289
0.734901716551399,0.535679807549933
0.43953128133860453,0.9803151658859102
0.3649052357207869,0.9281453265170531
0.7205609173409429,0.638321220191895
0.894702429396422,0.9257373537029345
0.16947050678934228,0.2982625782690106
0.49342009966746647,0.14660802956759156
0.8766127639949786,0.29658852374998657
0.4069013610338821,0.632431262024187
