0.7230846212249419,0.16044329259795498
0.8235905215340001,0.391080406319233
0.1760801308091664,0.548311568040529
0.29456413848337526,0.02694088597693367
0.8642733716297473,0.5745498918549308
0.03034597938214767,0.3675354720352493
0.12267527166040548,0.5488415353313434
0.6387452282352413,0.8968013131397389
0.9798687356922342,0.40599154164875295
0.5425096990306315,0.759947261250449
0.9625404438796106,0.47078709213405434
0.5192137011302216,0.25166504782147325
0.3657881904646483,0.514537786538778
0.5692410393314509,0.6786777088851508
0.13205654205115902,0.8059639623311093
0.7200484132767407,0.4091556777155706
0.7325300210495125,0.7116384736218782
0.3914955115590337,0.16469505612113422
0.4770398210215321,0.28497800477906354
0.24487952375191935,0.38496717303350547
0.49201665547437357,0.19781789756000945
0.017413737891433634,0.8008113024380453
0.20074841725979853,0.3148941089534836
0.7042414575839214,0.18845819960733468
0.5161786851708926,0.18909489078799913
0.5916774085905968,0.6457346665669348
0.11370785186565424,0.7641338663888273
0.0682213148165034,0.630514307380043
0.08993586232751372,0.6113348675143828
0.8439890404470247,0.4323433453018528
0.0330116369935427,0.09850873619392786
0.19455882227857513,0.7100845756599112
0.031231294604424642,0.9914404149986981
0.11183137420396982,0.22158650520784895
0.4287531707913127,0.12229456238165937
0.7923542860347487,0.8957987637986029
0.20077515083178454,0.9242864183663232
0.7226628633492008,0.9534191463435885
0.665245273589936,0.8282539154242526
0.7315406932937499,0.8690713177011881
0.8741541205316744,0.7443061559820758
0.7707054272656028,0.5861767804875144
0.43468352809100086,0.11051236164199707
0.8582761311780235,0.5450983180807063
0.6989626950155866,0.2806343888965621
0.5734807199629732,0.7657963916224128
0.23090975393676094,0.34419512538621766
0.7264130511110188,0.43815401143812793
0.20961286307519678,0.8247139931452002
0.3432512736467931,0.21628979253066438
0.960931891168165,0.08573004645858584
0.9052002407516817,0.6875925998983842
0.12247817725952381,0.6892720019517179
0.8585225224771732,0.29287568879284787
0.041856302580681515,0.3977235435968153
0.7733740992878656,0.310962027740873
0.8840285229859035,0.9875718226828832
0.17076228184059472,0.3891766608995244
0.580889074957148,0.552315344907766
0.9597952493815404,0.5006358505370435
