0.741359213347789,0.5733864557649759
0.4829165481867199,0.8059525379713381
0.6531129925512483,0.2769592383118411
0.27737674436165627,0.202074225507605
0.9897445742833552,0.4246255172364459
0.09739176323734722,0.7688739086654193
0.04177733810469331,0.9667609316786268
0.516368918496182,0.46279959672788695
0.6778559786188324,0.9594867988913612
0.19171931394418584,0.6160661768785612
0.3005994900778505,0.5998204343841831
0.7273233668382514,0.0951122191178605
0.32155879910621565,0.6755369205177104
0.7433491374652772,0.0538377669193737
0.7273314464828339,0.9483285392638402
0.18299486995440706,0.08975902744062147
0.4192368720611499,0.07576020980229747
0.5117035885925034,0.83875492719822
0.4005572284423977,0.2956849565609202
0.871624840192931,0.30286982548727404
0.5582006114764928,0.2461963750330941
0.4425744464610186,0.49567545890533893
0.7397448675487546,0.9748598358776419
0.2304702769279986,0.3109843500044246
0.06217176199994723,0.40287759847686144
0.25519817380183485,0.8732459894042878
0.905203061305757,0.2530078053086441
0.6420892368625863,0.011746123458974078
0.840001129542447,0.7244708606731637
0.434665593346925,0.9157687020959855
0.8230989639436417,0.0037406006312177276
0.04103891880691568,0.47416876338897507
0.34577539359068743,0.03703254640756526
0.10232232853542877,0.2803440491815409
0.8706931663883092,0.8584646889771702
0.22864251077798659,0.7923815821051858
0.8104693474410681,0.167280792427844
0.4868162401855479,0.6781955006401774
0.5069482656191139,0.7781901610260857
0.7434811298049828,0.9467601519426699
0.1552999311987585,0.030792143378274406
0.9684479455103968,0.06908281859753518
0.3836672187581699,0.23721688636297356
0.38526724815526125,0.9263486474753306
0.24693787476793128,0.7715290563499997
0.9194810609243274,0.08770981354311369
0.7223176809594698,0.4601044817115505
0.7397555116826121,0.6164797814537595
0.404733919173904,0.5191039041011325
0.8130679197418668,0.33103300451691153
0.9916987832111427,0.4033323176541467
0.3023476345851487,0.20549873609735725
0.3201149789578156,0.5801862483126031
0.32344736896288484,0.3853775346047983
0.171606154238378,0.4230554206454866
0.048047164515802376,0.1144974652946491
0.7983074002490952,0.1304593086048762
0.39007085073154557,0.7222663093772567
0.13765206730343515,0.8203631292306848
0.5454207203763947,0.7039653595608214
0.9825427890150562,0.7235320634054266
0.4683127989679532,0.8418688213697415
0.9523963596280727,0.7054462048125151
0.9622218767178737,0.2612627908674331
0.9709032586190716,0.18321318406358011
0.43942192183849804,0.29297588900961324
0.0979448040691403,0.8720791292184241
0.5603337978887869,0.022823566446229293
0.9859618617593044,0.6955529924334486
0.9023693633109077,0.44840646761408764
