0.7273845313896193,0.022312278302438093
0.4493142872518773,0.841638561955569
0.40597021504841146,0.2491698451515626
0.5258141677786065,0.1857957964082263
0.5996783604894197,0.7745676878154238
0.1637685202659973,0.8737327459831148
0.04481692997048459,0.35305785424171754
0.3158331395777626,0.20644797949666172
0.3205716286523901,0.8891668962940725
0.10702960754551716,0.314328179945094
0.15973079454287775,0.20703022710433128
0.09759245564462704,0.33247614957965166
0.8847930386802428,0.9641846556172667
0.7278547094805865,0.708127141317279
0.8603565230706499,0.9571085677916836
0.7701534724252466,0.21635646939232633
0.5411669289229756,0.8561376995285574
0.06683860428578547,0.44094443404488115
0.16492626544374722,0.22867376252219485
0.5688195850605445,0.18917956798192914