0.7266678772119796,0.37866742996700287
0.011693659632231124,0.09987886438245919
0.3676551935579567,0.6323601372667774
0.1539391703466485,0.8259866297685163
0.14377752901280771,0.7412313835216213
0.1415314251516353,0.6226998769259113
0.22445999933643912,0.2190218035735153
0.8696518309547832,0.6548401943199273
0.7637877932908158,0.14197100882023972
0.8462762869761761,0.2219313576791263
0.7935324052491934,0.7509896971587046
0.16786266570908626,0.6523409684368154
0.29829222319372983,0.38924351077085195
0.3680857644557306,0.869885564278204
0.40563985956740145,0.9319177927643406
0.9284692959004957,0.915156327512093
0.9063941059770113,0.9987211593939174
0.7876147554979935,0.7282362242591383
0.38361187045767897,0.4047244720485331
0.014829577325967236,0.055144156406224276
0.07362135652802626,0.5014215395856236
0.9243079941815255,0.42725524884294164
0.20839477860065647,0.28743639724755143
0.29761964255414797,0.7811103807004719
0.9957851711158281,0.42709149867785834
0.055112841062477824,0.4354427693762425
0.5826284864268685,0.6050895363041361
0.6709405044070498,0.8229126991834818
0.31543884625714147,0.9668517335929394
0.8617687561175479,0.5859561688327353
0.36440131975518886,0.7465934114048424
0.595829430901893,0.38931678043510265
0.30859287329119856,0.5690074879014868
0.26682959937475303,0.07624484248860075
0.5938394397629085,0.32546518303627303
0.9563323801283828,0.6010110857884933
0.8693426464987888,0.9719323676367088
0.06857528053792927,0.5072968593661759
0.08518703322675647,0.07333945523845142
0.2632937276573287,0.5901867677989259
