0.7284594977549178,0.987779513552688
0.6057452361319272,0.45427808596349173
0.963442739833513,0.17438440697874036
0.583626671377124,0.7255095240160495
0.7835296077043379,0.8245721442561278
0.6971241405857984,0.25028207192066176
0.2753523482732947,0.5541119302440207
0.4851051397651347,0.5338596274594409
0.6557473295406873,0.5099607498565636
0.4981595883995289,0.952923405893465
0.7090283933845655,0.39109101457219086
0.9921871330973575,0.8526789287444866
0.7645442544594319,0.3265963579857277
0.2675081270178704,0.9654894994253111
0.5424315183255226,0.49489470798095625
0.032679722311211856,0.6681566673115154
0.9933261484407607,0.6422625171810983
0.48567435511573165,0.010006793426979077
0.3368978802745912,0.4645976982326874
0.8998046115635717,0.8902326555431642
0.864423699604272,0.153223338246689
0.3777551297771521,0.2404772220453898
0.7122179667216659,0.2737075562957465
0.09430875739100297,0.5774364861482016
0.7355884066377152,0.5460898100733684
0.7868305871007407,0.8302968282314769
0.8170887888063145,0.025567378712371136
0.47230012155406476,0.9191118950852012
0.4281903456725359,0.6446101517310565
0.3706586139528094,0.1627625582464346